11 0.256063 0.253251 0.113615 0.162688
11 0.836289 0.474957 0.132685 0.1174
8 0.454246 0.413829 0.133703 0.167214
11 0.242361 0.856954 0.102864 0.0853395
11 0.269544 0.391929 0.106868 0.14863
11 0.378578 0.942789 0.103421 0.0862173
11 0.251366 0.745075 0.102668 0.0936298
9 0.329087 0.884277 0.0322221 0.0483872
3 0.201603 0.837322 0.0454817 0.0872619
11 0.683421 0.871542 0.11104 0.0645078
11 0.0827725 0.84444 0.132794 0.133663
11 0.852723 0.907172 0.134477 0.185656
3 0.198832 0.829434 0.0564457 0.102246
11 0.664454 0.878608 0.146196 0.0792243
11 0.957719 0.351103 0.0845623 0.173181
8 0.227409 0.162614 0.0876406 0.127196
11 0.398144 0.928043 0.0631011 0.0559156
9 0.0888456 0.744643 0.117964 0.112761
10 0.683994 0.80557 0.199367 0.236676
7 0.522939 0.909646 0.122298 0.180708
11 0.103295 0.502168 0.123984 0.164035
11 0.968189 0.773234 0.06319 0.120538
11 0.88287 0.95641 0.127103 0.0659791
11 0.958717 0.885785 0.0825661 0.0778472
9 0.285883 0.11526 0.124593 0.151649
9 0.678531 0.656886 0.118984 0.0957037
11 0.96879 0.795838 0.0624197 0.0776512
8 0.468235 0.398286 0.101134 0.135135
