9 0.806991 0.173129 0.0904129 0.118917
6 0.167961 0.0554045 0.15533 0.110809
11 0.183919 0.18552 0.104339 0.116223
9 0.681958 0.187083 0.0870945 0.118641
11 0.285789 0.067441 0.108468 0.134882
9 0.940375 0.175375 0.0865188 0.118285
11 0.314611 0.184134 0.0876733 0.114312
11 0.939671 0.94028 0.104564 0.109646
11 0.684555 0.330352 0.096691 0.138547
11 0.937695 0.820644 0.0743838 0.0878209
11 0.549148 0.0666454 0.0984968 0.133291
11 0.141954 0.94878 0.141894 0.102439
9 0.06474 0.301441 0.0860222 0.110144
11 0.528637 0.587589 0.0589335 0.0692092
11 0.456292 0.565602 0.0850828 0.0920155
11 0.310046 0.563076 0.134866 0.126754
11 0.170038 0.564676 0.115556 0.100743
9 0.286757 0.0671564 0.105776 0.134313
11 0.445515 0.553739 0.0590936 0.0648174
9 0.168921 0.565259 0.115665 0.0999993
11 0.689087 0.687836 0.0912162 0.0884726
3 0.546326 0.0666707 0.0956266 0.133341
3 0.682284 0.552015 0.0917065 0.102537
9 0.780645 0.576221 0.0737213 0.0838827
11 0.348554 0.935077 0.192601 0.129846
3 0.806164 0.00238381 0.0196144 0.00476762
9 0.396589 0.222063 0.0438043 0.0596534
9 0.685419 0.329762 0.0962055 0.139191
9 0.310233 0.563604 0.135231 0.125976
9 0.429889 0.522868 0.108537 0.18933
