9 0.806897 0.172819 0.090493 0.119038
6 0.168692 0.0499196 0.150759 0.0998392
11 0.183357 0.185415 0.103999 0.116033
11 0.285699 0.0660619 0.107702 0.132124
9 0.681454 0.186603 0.0867369 0.119015
11 0.140209 0.947837 0.139895 0.104327
9 0.941814 0.174876 0.0880199 0.117853
11 0.942151 0.819711 0.083984 0.090588
11 0.939953 0.940253 0.105582 0.109354
11 0.550624 0.0669329 0.104169 0.133778
11 0.454807 0.565713 0.0835955 0.0929089
11 0.527122 0.586528 0.0596026 0.0727356
11 0.309237 0.562164 0.134353 0.130223
11 0.1686 0.563795 0.117226 0.101223
11 0.313796 0.184133 0.0864907 0.114469
9 0.288263 0.0657416 0.101196 0.131483
3 0.432851 0.00253186 0.0306992 0.00506372
9 0.167153 0.564552 0.117998 0.100614
9 0.0657721 0.300638 0.0895362 0.110057
3 0.189587 0.00343951 0.024895 0.00687901
3 0.806156 0.0025668 0.0203228 0.00513359
9 0.684991 0.329471 0.0964426 0.140058
3 0.68246 0.00261632 0.0337675 0.00523264
3 0.547827 0.0670637 0.100857 0.134127
3 0.681664 0.553058 0.0921706 0.100631
9 0.780761 0.575837 0.0732101 0.0837293
11 0.0707505 0.303932 0.10696 0.117989
3 0.0649504 0.00530388 0.0352485 0.0106078
3 0.308939 0.00584721 0.0243961 0.0116944
9 0.687576 0.687389 0.0932075 0.0886926
3 0.805272 0.00277333 0.0280342 0.00554666
11 0.687826 0.687972 0.0906458 0.0886321
11 0.937255 0.829039 0.0737603 0.0713697
11 0.444773 0.556886 0.0589909 0.0723035
11 0.347407 0.935437 0.192644 0.129126
8 0.68412 0.330263 0.0968384 0.138984
9 0.309357 0.56243 0.134824 0.129007
